p1mean = [-6.1189342
-6.0279342
-6.1199342
-6.1149342
-6.0839342
-6.2069342
-6.2459342
-6.2279342
-6.1729342
-6.2529342
-6.3549342
-6.3799342
-6.4089342
-6.3349342
-6.3669342
-6.4119342
-6.3859342
-6.3519342
-6.3799342
-6.4799342
-6.4809342
-6.4159342
-6.4589342
-6.5519342
-6.6479342
-6.6619342
-6.7479342
-6.9829342
-7.2459342
-7.3479342
-7.4459342
-7.4929342
-7.5359342
-7.6129342
-7.6879342
-7.7479342
-7.8929342
-7.9719342
-8.0309342
-8.0849342
-8.1059342
-8.1889342
-8.2279342
-8.1849342
-8.1259342
-8.1149342
-8.1239342
-8.1979342
-8.1579342
-8.1749342
-8.1419342
-8.0839342
-8.0919342
-8.0709342
-8.0449342
-7.9799342
-8.0309342
-7.9789342
-8.0019342
-7.8709342
-7.7669342
-7.6729342
-7.4819342
-7.3619342
-7.2209342
-7.1389342
-6.9599342
-6.8119342
-6.5939342
-6.2249342
-5.9759342
-5.8019342
-5.7019342
-5.6219342
-5.5929342
-5.4149342
-5.3369342
-5.2089342
-5.1509342
-5.0919342
-5.1219342
-5.0719342
-5.0889342
-5.1479342
-5.0809342
-5.0689342
-5.1159342
-5.1339342
-5.1319342
-5.1099342
-5.0639342
-5.0239342
-4.9649342
-4.8709342
-4.8669342
-4.9059342
-4.9039342
-4.8839342
-4.8989342
-4.9019342
-4.7999342
-4.6589342
-4.6259342
-4.6749342
-4.6759342
-4.6399342
-4.6609342
-4.6489342
-4.6389342
-4.6489342
-4.6079342
-4.6399342
-4.6269342
-4.5719342
-4.5179342
-4.4749342
-4.4819342
-4.5359342
-4.6149342
-4.5729342
-4.5639342
-4.3999342
-4.1999342
-4.1069342
-4.0309342
-3.9609342
-3.8949342
-3.9439342
-3.9379342
-3.9239342
-3.9239342
-3.9699342
-4.0629342
-4.0889342
-4.0419342
-3.9819342
-3.9839342
-3.9159342
-3.8549342
-3.7719342
-3.8079342
-3.8479342
-3.8979342
-3.9399342
-3.9419342
-3.9839342
-4.0639342
-4.1249342
-4.2669342
-4.3259342
-4.5029342
-4.6169342
-4.7339342
-4.9429342
-5.1969342
-5.5089342
-5.7319342
-5.8579342
-5.8909342
-5.9689342
-6.2049342
-6.4359342
-6.5829342
-6.7329342
-6.7779342
-6.8329342
-6.7489342
-6.7519342
-6.8139342
-6.7819342
-6.7929342
-6.8409342
-6.8739342
-6.8949342
-6.9099342
-6.9179342
-6.9689342
-6.9809342
-6.9749342
-7.0619342
-7.1159342
-7.1199342
-7.0819342
-7.0399342
-6.9349342
-6.9499342
-6.9699342
-6.9029342
-6.8119342
-6.6059342
-6.3369342
-6.0279342
-5.7909342
-5.5569342
-5.2489342
-4.9759342
-4.8359342
-4.7209342
-4.8189342
-4.8939342
-5.0079342
-5.0039342
-4.9119342
-4.8329342
-4.8449342
-4.7909342
-4.7739342
-4.8349342
-4.7659342
-4.7269342
-4.6249342
-4.5749342
-4.5679342
-4.5269342
-4.4609342
-4.3919342
-4.2469342
-4.1969342
-4.1319342
-4.1679342
-4.1839342
-4.1109342
-4.1139342
-4.1499342
-4.1349342
-4.1399342
-4.1839342
-4.2969342
-4.3199342
-4.3519342
-4.2829342
-4.3029342
-4.1989342
-4.1629342
-4.0939342
-4.1059342
-4.1569342
-4.1099342
-3.9659342
-4.0509342
-4.0419342
-4.1319342
-4.0819342
-3.9849342
-3.9889342
-4.0259342
-3.9729342
-3.9889342
-3.9649342
-3.9339342
-4.0649342
-4.0799342
-4.1339342
-4.1989342
-4.3489342
-4.4079342
-4.5289342
-4.6419342
-4.7899342
-4.8709342
-4.8739342
-4.8569342
-4.8909342
-5.0679342
-5.0829342
-5.0179342
-4.9899342
-5.0619342
-5.1099342
-5.1319342
-5.2139342
-5.3229342
-5.4709342
-5.4799342
-5.5639342
-5.6929342
-5.7179342
-5.7449342
-5.7519342
-5.7979342
-5.7839342
-5.8239342
-5.9389342
-5.9999342
-5.9749342
-5.9309342
-5.8639342
-5.8729342
-5.9239342
-6.0099342
-6.0769342
-6.1409342
-6.2269342
-6.3149342
-6.3199342
-6.3399342
-6.2549342
-6.1889342
-6.0239342
-5.8829342
-5.7669342
-5.6319342
-5.5159342
-5.2829342
-5.0139342
-4.6639342
-4.3519342
-3.9989342
-3.8459342
-3.6909342
-3.6579342
-3.6129342
-3.5369342
-3.3939342
-3.2769342
-3.1919342
-3.0859342
-2.9049342
-2.8019342
-2.7009342
-2.5779342
-2.4769342
-2.4139342
-2.3169342
-2.2289342
-2.2359342
-2.3019342
-2.2099342
-2.1279342
-2.0079342
-1.9219342
-1.9499342
-1.8999342
-1.8499342
-1.8509342
-1.8359342
-1.7899342
-1.7629342
-1.8529342
-1.9109342
-1.8619342
-1.8409342
-1.9229342
-2.0309342
-1.9369342
-1.8919342
-1.9519342
-2.0029342
-1.9329342
-1.9069342
-1.7499342
-1.7439342
-1.7739342
-1.7779342
-1.7669342
-1.6999342
-1.6789342
-1.6089342
-1.5669342
-1.6099342
-1.6719342
-1.6849342
-1.6509342
-1.6289342
-1.6399342
-1.7919342
-1.8149342
-1.7769342
-2.1609342
-2.8539342
-3.4869342
-4.0229342
-4.4029342
-4.7889342
-4.8529342
-4.5349342
-3.8969342
-3.3369342
-3.0399342
-3.0719342
-3.2089342
-3.4009342
-3.3679342
-3.2479342
-3.0659342
-3.0659342
-2.8839342
-2.6779342
-2.5079342
-2.5399342
-2.5039342
-2.4559342
-2.3909342
-2.4659342
-2.5709342
-2.3369342
-2.0619342
-1.7619342
-1.7429342
-1.6769342
-1.5209342
-1.3039342
-1.2559342
-1.3419342
-1.3479342
-1.1899342
-1.1729342
-1.2309342
-1.2129342
-1.1799342
-1.0929342
-1.1309342
-1.2739342
-1.2089342
-1.0719342
-1.0069342
-1.0439342
-1.0499342
-0.9009342
-0.8879342
-0.9009342
-0.9779342
-0.9669342
-0.9679342
-0.9399342
-0.9639342
-1.0319342
-0.9339342
-0.9689342
-1.0099342
-0.9649342
-0.9729342
-0.9669342
-0.9329342
-0.9929342
-0.9969342
-0.9719342
-0.9769342
-0.9519342
-0.9469342
-0.9479342
-1.0369342
-1.2599342
-1.4689342
-1.6159342
-1.6349342
-1.5949342
-1.4929342
-1.3839342
-1.2419342
-1.0619342
-0.9589342
-0.7729342
-0.5899342
-0.1609342
-0.0119342
-0.0609342
-0.1169342
-0.2049342
-0.3439342
-0.3519342
-0.3999342
-0.4079342
-0.4179342
-0.3679342
-0.3749342
-0.3419342
-0.3749342
-0.3339342
-0.4159342
-0.2809342
-0.2029342
-0.2139342
-0.2749342
-0.2559342
-0.2629342
-0.2149342
-0.1109342
-0.0959342
-0.1459342
-0.0839342
-0.1439342
-0.1799342
-0.2319342
-0.1389342
-0.2199342
-0.1299342
-0.0739342
-0.0949342
-0.1319342
-0.0889342
-0.0119342
-0.0069342
0.0730658
0.0250658
0.0490658
-0.0009342
0.0370658
0.0920658
0.1020658
0.1450658
0.1000658
0.1230658
0.1190658
0.0770658
0.0790658
0.1090658
0.1690658
0.1940658
0.2410658
0.2720658
0.2610658
0.2180658
0.2620658
0.2570658
0.3010658
0.2220658
0.1770658
0.1270658
0.1430658
0.1930658
0.1340658
0.1670658
0.1870658
0.2150658
0.1760658
0.1800658
0.2290658
0.2450658
0.2440658
0.2480658
0.2890658
0.3380658
0.2160658
0.2020658
0.2030658
0.2600658
0.2650658
0.1970658
0.1110658
0.1400658
0.1610658
0.1160658
0.0630658
0.0740658
0.1190658
0.0600658
-0.0549342
-0.0439342
-0.0489342
0.0020658
-0.0069342
0.0330658
-0.0099342
-0.0549342
-0.0549342
-0.1419342
-0.2089342
-0.1689342
-0.2879342
-0.4299342
-0.4049342
-0.4229342
-0.4809342
-0.5539342
-0.6229342
-0.6339342
-0.5929342
-0.6339342
-0.7429342
-0.8749342
-0.8999342
-0.9899342
-1.1329342
-1.2819342
-1.3089342
-1.2639342
-1.3049342
-1.3519342
-1.3049342
-1.2969342
-1.1989342
-1.1779342
-1.1959342
-1.1249342
-1.1569342
-1.1499342
-1.0939342
-0.9909342
-0.9179342
-0.8869342
-0.8549342
-0.7249342
-0.4599342
-0.2309342
-0.1699342
0.0010658
0.1270658
0.2100658
0.3180658
0.3500658
0.4360658
0.5700658
0.7130658
0.9330658
1.0740658
1.2470658
1.3600658
1.3940658
1.5040658
1.6830658
1.8620658
2.0620658
2.2140658
2.3330658
2.3730658
2.4120658
2.3740658
2.4310658
2.5060658
2.5960658
2.6230658
2.5150658
2.4620658
2.5350658
2.5590658
2.5940658
2.5820658
2.6650658
2.6370658
2.5940658
2.5620658
2.5420658
2.5370658
2.5520658
2.6000658
2.5860658
2.5550658
2.5570658
2.5250658
2.4860658
2.4720658
2.5350658
2.5370658
2.4870658
2.4400658
2.4090658
2.4770658
2.4240658
2.4500658
2.3840658
2.4760658
2.4510658
2.4100658
2.3860658
2.4090658
2.4490658
2.4490658
2.3080658
2.3050658
2.2980658
2.2840658
2.3630658
2.3130658
2.3100658
2.3190658
2.3380658
2.3030658
2.2720658
2.2500658
2.2470658
2.2760658
2.2390658
2.2810658
2.2470658
2.2720658
2.2630658
2.3220658
2.3340658
2.3320658
2.3640658
2.3550658
2.3810658
2.3580658
2.3190658
2.3220658
2.3600658
2.3310658
2.3020658
2.3740658
2.3680658
2.3680658
2.3230658
2.1980658
2.0450658
1.9420658
1.8430658
1.8990658
1.8490658
1.8730658
1.8460658
1.6770658
1.5690658
1.3570658
1.2600658
1.1730658
1.0640658
0.9710658
0.9310658
1.1300658
1.0760658
0.9110658
0.9160658
0.9710658
0.9780658
0.8870658
0.8290658
0.7880658
0.9000658
0.9250658
0.8380658
0.7740658
0.8100658
0.7900658
0.6860658
0.7130658
0.7130658
0.7160658
0.7910658
0.7510658
0.7020658
0.6920658
0.7500658
0.8600658
0.9310658
1.0360658
1.2390658
1.5030658
1.7910658
2.0900658
2.3450658
2.5860658
2.6920658
2.8500658
